GSq 4 113603 113521 113521 676 676 1065 1065 113603 
Peg 18 113603 113521 113521 1065 1065 113603 113603 112084 112084 112389 112389 111804 111804 109064 114158 113603 113603 113783 113603 112090 112090 111676 111676 109081 111676 106972 112090 108830 108830 107005 112084 108830 108830 107011 107011 105162 
Cyg 16 95554 96858 96858 100128 100128 101767 101767 103725 101767 99356 99356 96138 96138 95554 100128 102157 102157 104394 104394 103081 103081 101767 103081 104764 104764 104549 100128 97799 97799 96377 96377 95648 
Lyr 10 90979 91639 91639 92571 92571 94186 94186 94418 94418 92902 92902 92133 92133 89548 89548 90979 92902 92502 92133 91684 
Sge 3 98026 97056 97056 96530 97056 96450 
Vul 1 95473 98232 
Dra 15 87314 87561 87561 85410 85410 85567 85567 87314 87314 94081 94081 97124 94081 89630 89660 89630 89630 83638 83638 80089 80089 78290 78290 75229 75229 68537 68537 61088 61088 56044 
UMi 7 11734 85560 85560 81830 81830 76819 76819 79580 79580 74868 74868 72380 72380 76819 
Cep 12 110645 112364 112364 105691 105691 104861 104861 102091 102091 100767 104861 106916 106916 109511 109511 109146 109146 110645 109146 107075 112364 116361 116361 105691 
Cas 4 8867 6672 6672 4417 4417 3172 3172 744 
Cam 8 22987 23467 23467 17842 17842 16187 17842 17917 17917 22730 22730 23467 22730 33607 33607 29924 
Lac 10 109591 109408 109408 110757 110757 111591 111591 110675 110675 110005 110005 110757 110675 110263 110263 110192 110192 110822 110822 110675 
Tri 3 10645 10041 10041 8777 8777 10645 
And 18 676 3086 3086 2906 2906 5436 5436 3086 3086 3025 3025 3685 3685 4453 5436 7499 7499 9618 5436 4426 4426 3871 3871 5423 5423 7593 2906 1470 1470 116265 116218 116439 116439 116265 116265 113366 
BgD 7 67088 65173 65173 62757 62757 59592 59592 53905 53905 53754 53754 57828 57828 59592 
Uma 21 67088 65173 65173 62757 62757 59592 59592 53905 53905 53754 53754 57828 57828 59592 53905 46600 46600 41586 41586 44000 44000 44343 44343 50230 50230 46720 46720 48182 48182 46600 50230 50655 50655 55055 55055 118742 55055 54380 54380 57226 57226 67088 
Boo 18 67063 67246 67246 67711 67711 69451 69451 71569 71569 71879 71879 69451 71879 74438 74438 75182 75182 73327 73327 74438 73327 70851 70851 70828 70828 71058 71058 71879 70851 69510 69510 70274 70274 69261 69261 69510 
Cvn 1 61124 62925 
Com 6 64037 64189 64189 60554 64189 60509 64189 60558 64189 60166 64189 60328 
CrB 5 75895 75466 75466 76035 76035 76716 76716 77276 77276 77923 
Her 25 84086 84121 84121 85433 85433 86705 86705 88517 88517 87994 87994 88610 88610 89860 89860 91756 91756 91874 88517 87661 87661 84122 84122 84853 84853 87537 87537 86148 86148 80880 80880 78861 78861 79750 79750 86148 86705 82952 82952 81444 81444 81583 81583 84122 84122 82952 82952 80571 80571 79928 
Aur 10 22961 28309 28309 28288 28288 28287 28287 24549 24549 28288 22961 23712 23712 24549 24549 23361 23361 23398 23398 23712 
Per 25 17406 18201 18201 18567 18567 18485 18485 14540 14540 14318 14318 13221 18485 17487 17487 16294 16294 15824 15824 16785 16785 17316 17316 19296 19296 19762 19762 20021 20021 19119 14540 14632 14632 14596 14596 13497 13497 13234 13234 14292 14292 13497 14292 15824 15824 14596 14596 12744 12744 8053 
Lyn 6 45728 45557 45557 44120 44120 40959 40959 36044 36044 33362 33362 29987 
Gem 17 31601 34000 34000 35453 35453 35253 35253 32276 35453 36856 36856 37633 36856 37718 36856 35946 35946 34601 34601 36263 36263 36744 34601 32932 34601 32161 32161 30810 32161 30270 30270 29582 29582 28664 
Can 6 42984 42687 42687 40054 40054 40411 40411 42792 42792 42687 42792 43939 
Leo 18 57459 54712 54712 54718 54718 55476 55476 55269 54718 51475 54718 49441 49441 49528 49441 47373 49441 50440 50440 53798 53798 54712 50440 50193 50193 48318 48318 46014 46014 46617 46617 47772 47772 48318 47772 49441 
LMi 5 53075 51089 51089 49451 49451 46819 49451 50911 50911 53075 
Del 11 101095 101587 101095 101472 101587 101472 101472 101553 101553 101950 101950 102201 102201 101629 101629 101442 101442 101263 101442 101156 101156 101472 
Equ 2 104649 104520 104520 104184 
CMi 1 37173 36087 
Ari 12 14802 13880 13880 10282 10282 8813 13880 13176 13176 13028 13028 12686 12686 13176 12686 9861 9861 9135 9135 8884 8884 9861 9861 10282 
Tau 20 25364 21828 21828 20659 20659 17661 21828 26386 26386 21368 21368 20842 20842 20155 20155 20405 20405 20597 20597 20837 20837 20659 20155 21536 21536 21349 20155 19810 20155 18677 18677 16044 16044 16328 16044 15861 15861 16811 15861 18860 
Vir 17 57208 57584 57584 59945 59945 61748 61748 58773 58773 57208 61748 64034 64034 65269 65269 69205 69205 69479 69479 71731 65269 66040 66040 68302 68302 71994 66040 62890 62890 63405 62890 61748 69479 68302 
Lib 6 73486 72396 72396 74556 74556 76100 76100 72396 76100 76235 76235 76365 
Sco 19 86991 85665 85665 85436 85436 85907 85907 86403 86403 86804 86804 85965 85965 83885 83885 82419 82419 82263 82263 82144 82144 81020 81020 80519 80519 79870 79870 79164 79164 77868 77868 78029 79870 79134 79134 78580 78580 78165 
Ser 19 92654 88494 88494 88327 88327 89684 89684 87775 87775 86298 86298 85998 85998 84622 80385 79640 79640 79352 79352 77280 77280 77386 77386 76835 76835 77022 77022 76044 76044 76997 76997 77836 77836 77214 77214 76616 76616 76997 
Oph 21 85164 84147 84147 84711 84711 85081 85081 84636 84636 83755 83755 85106 85106 86475 86475 86839 86839 88327 86475 85769 85769 82745 82745 86475 82745 82421 82421 80637 80637 79352 82745 81130 81130 80648 80648 80327 80327 80101 80101 80729 81130 83755 
Sct 4 91888 91441 91441 90315 90315 90835 90835 91888 
Crv 7 60983 60776 60776 59621 59621 59134 59134 59020 59134 60003 60003 61166 60003 60776 
Lup 24 78678 77398 77398 76469 76469 74948 74948 78148 74948 75075 75075 75272 75272 76065 76065 76317 76317 76593 75272 74912 74912 73889 73889 74682 74682 75035 73889 73579 73579 74148 74148 74167 73579 71310 71310 70895 71310 71634 71634 69773 71634 70353 71634 72456 72456 73046 73046 74948 
Nor 4 79759 80339 80339 79412 79412 78400 78400 79759 
Cru 2 60893 60530 62239 59565 
Cen 31 71783 71639 71639 73107 73107 71125 71125 68027 68027 68642 68642 70077 70077 69867 69867 68714 68714 67251 67251 68027 66941 67244 66941 67455 66941 67572 66941 64904 64904 65729 65729 67251 67251 67259 67259 67786 67786 68305 68305 68064 68064 68027 67786 66447 66447 71456 66447 68483 66447 61739 61739 67786 61739 60635 60635 59267 59267 56392 60635 59016 59016 55260 
Cir 2 71682 75094 71682 74595 
Tra 4 82022 74717 74717 76206 76206 77716 77716 82022 
Oct 3 106746 112050 112050 70415 70415 106746 
Pav 13 100425 105519 105519 102064 102064 98924 98924 100425 98924 98184 98184 91507 91507 92723 92723 98924 92723 92319 92319 89819 89819 88589 88589 92319 88589 86661 
Ara 6 88439 85530 85530 82898 82898 82826 82826 82112 82112 85467 85467 88439 
Aps 4 79805 80819 80819 81602 81602 79805 79805 72144 
Tel 1 90288 90143 
Mus 6 62127 61392 61392 63411 63411 61008 61008 61392 61392 59746 59746 57190 
Cha 5 40587 51690 51690 52443 52443 59816 59816 58309 58309 51690 
Hys 5 2016 17637 17637 12360 12360 10975 10975 8909 8909 9217 
Tuc 5 109784 114634 114634 117954 117954 1595 1595 2478 2478 114634 
Ind 5 101445 102002 102002 102895 102895 108526 108526 108086 108086 102895 
Gru 9 113770 110650 110650 108922 108922 111768 111768 114059 114059 113770 111768 113278 111768 112263 108922 108765 108765 107742 
CrA 6 92697 92881 92881 93530 93530 93819 93819 93865 93865 93710 93710 93248 93248 92661 
Sag 22 88361 89653 89653 89906 89906 89364 89364 88361 88361 89064 89064 90217 90217 89653 89653 91754 91754 92564 92564 93846 93846 94873 94873 94881 93846 92793 92793 92564 92564 93569 93569 93213 93213 91754 93569 98101 98101 97721 94946 95052 95052 98101 95052 93213 
Aql 10 97725 97338 97338 96970 96970 95927 95927 95207 95207 97493 99156 97493 95207 93452 93452 92951 95207 93510 93510 93136 
PsA 9 113008 111601 111601 108939 108939 108316 108316 107265 107265 108939 108939 110841 110841 112588 112588 112886 112886 113008 
Cap 14 99743 100020 100020 103804 103804 105175 105175 106642 106642 107213 105175 105698 105698 105540 105540 103804 103804 103684 103684 103899 103684 100701 100020 100701 100701 102154 102154 102647 
Aqu 23 102287 102714 102714 104122 104122 105936 105936 108793 105936 108728 108728 110049 110049 111147 111147 110326 110326 108728 108728 109657 109657 112601 112601 114493 114493 114362 114362 112601 112601 112357 112357 112776 112776 114493 114493 113980 113980 114013 114013 113757 114493 115073 115073 115304 115304 115881 
Pis 20 5574 5730 5574 6179 6179 5730 5730 6692 6692 7083 7083 8183 8183 9467 9467 7869 7869 6993 6993 5725 5725 4896 4896 3778 3778 117900 117900 116405 116405 116562 116562 115376 115376 114609 114609 114864 114864 115465 115465 116405 
Cet 14 12673 11457 11457 12795 12795 13920 13920 14100 14100 12673 12673 12355 12355 10800 10800 8628 8628 6523 6523 1559 1559 3413 3413 8087 3413 9328 9328 12355 
Ori 23 26662 26246 26246 25865 28620 29353 29353 28966 28966 27844 27844 28620 29166 28543 28543 27919 27919 26662 26662 27298 24378 25218 25218 25865 25865 25273 25273 25749 25749 26142 25749 27919 25273 22396 22396 22496 22496 22744 22744 23069 22396 22456 22456 22792 22792 22780 
Lep 14 28837 28032 28032 27220 27220 25920 25920 24249 28837 27585 27585 27006 27006 25542 25542 23630 25920 25542 24249 24785 24249 24270 23630 24249 24270 24187 24785 24813 
CMa 17 33073 33956 33956 33260 33260 32263 32263 33888 33888 34354 34354 34943 34943 35806 33492 33769 33769 34354 33492 33065 33065 31512 31512 31052 31512 30251 31512 32263 33492 32672 30049 33492 33260 33073 
Mon 10 41190 39750 29578 30794 30794 34677 34677 32492 32492 30346 34677 39750 39750 37340 32492 31139 30346 31139 31139 31895 
Hya 17 42680 42283 42283 42195 42195 42990 42990 43689 43689 42680 43689 45204 45204 47297 47297 46259 46259 49700 49700 50924 50924 52789 52789 53584 53584 54522 54522 56174 56174 57763 57763 63963 63963 64758 
Crt 9 53584 54522 54522 55539 55539 55118 55118 53584 55118 55521 55521 56464 56464 58014 58014 57111 57111 55539 
Vel 9 39840 42794 42794 45809 45809 48635 48635 52575 52575 51837 51837 50050 50050 46518 46518 44689 44689 39840 
Pyx 3 39318 42396 42396 42709 42709 43286 
Car 16 39318 39840 39840 38713 38713 40921 40921 45425 45425 50229 50229 51087 51087 51700 51700 53099 53099 54304 53099 52317 52317 51428 51428 52268 52268 49958 49958 45106 45106 30365 30365 31605 
Pup 10 31605 35169 35169 36811 36811 37124 37124 37067 37067 38062 38062 37962 37962 37570 37570 36811 38062 39644 39644 39318 
Vol 8 37397 34389 34389 39681 39681 37397 39681 35132 39681 41195 41195 44254 44254 39681 40701 39681 
Pic 3 32521 27461 27461 27253 32521 27253 
Dor 7 27034 27821 27821 26004 26004 27034 26004 21228 21228 19843 26004 23638 23638 21228 
Ret 4 19730 19871 19871 18550 18550 17398 17398 19730 
Pho 12 5337 5154 5154 3238 3238 2069 3238 5337 5154 7068 7068 8818 8818 5154 5154 6853 6853 3238 2069 2076 2076 763 763 2069 
Col 8 28256 28127 28127 30204 30204 29734 29734 28127 28127 27559 27559 28256 27559 26569 26569 25794 
Eri 28 7574 8989 8989 10578 10578 11380 11380 12452 12452 13813 13813 15471 15471 17833 17833 19992 19992 20483 20483 21340 21340 21195 21195 18626 18626 18171 18171 17675 17675 17609 17609 16570 16570 15436 15436 14112 14112 13667 13667 16496 16496 17336 17336 18497 18497 19799 19799 19538 19538 21391 21391 22056 22056 23820 23820 21541 
